65.55694
60.61362
53.87316
48.94674
44.84827
41.6836
38.98206
37.35029
39.99694
38.13912
39.59394
41.10615
43.14081
46.98745
52.18287
52.07188
57.4357
61.38304
64.86063
66.80283
69.41287
69.74602
70.1118
65.2396
58.30757
55.97462
52.15748
48.6885
46.53173
43.24191
39.58555
36.8807
36.49443
38.82219
44.1941
43.49856
53.29096
63.04328
76.24377
76.99004
78.6782
78.47116
80.77182
82.41526
82.05119
84.11726
89.33582
89.82172
73.39833
58.97866
45.23497
39.01062
35.06426
30.0583
26.8661
25.42586
24.68544
25.21168
30.52808
33.91692
36.45348
37.61416
40.01268
35.44136
35.26912
35.23627
33.42137
33.23801
31.04788
31.29613
31.48683
33.64954
28.98523
19.51144
18.79434
17.4314
16.19575
16.26003
16.01598
15.6404
15.30242
15.52456
16.7845
19.48633
24.4668
26.48614
34.79403
32.47256
32.88465
33.02818
33.86852
34.50562
35.08773
37.18988
41.1408
48.10644
36.50542
29.41847
28.34982
27.3469
23.97829
22.211
20.38119
20.06965
21.02314
21.39691
21.78592
23.30593
29.09071
31.94286
33.53152
31.25239
31.39025
33.13447
58.15049
66.76962
72.08643
76.62641
69.88715
64.38007
42.42203
39.93427
35.38879
32.24036
29.45623
29.48239
28.38275
28.10356
31.3158
37.11667
39.82284
47.53526
61.76203
76.17629
79.03163
92.79533
87.89343
85.35339
86.45757
85.92191
84.70124
90.42795
91.23578
87.70646
76.49355
65.27135
52.59813
42.12576
36.50994
33.40929
31.05539
28.44198
26.80149
26.52289
27.34167
29.02458
35.38996
39.25283
47.59704
48.70261
54.94133
56.02312
53.20845
54.6031
59.13017
63.3676
67.48794
71.88668
61.84504
53.14745
37.04827
29.71004
23.65285
19.98313
17.70786
17.91696
17.85767
19.10348
21.26501
26.00884
32.17506
36.96064
40.89626
45.93211
43.96117
44.09386
44.60493
43.88524
45.78726
47.81474
48.11756
50.31982
40.2821
39.07281
33.73018
28.57702
24.03872
21.1295
21.92575
22.62559
24.25969
23.6152
23.23822
24.52181
31.87136
37.78553
40.6009
46.91908
52.7131
50.57288
45.81145
46.73096
47.52854
49.81795
50.65034
54.17617
43.28127
40.84064
37.02676
33.49564
30.3183
27.91268
25.32508
25.49349
24.78967
24.94525
27.55398
29.99329
32.89042
37.09713
40.3493
43.50993
46.24438
52.68644
59.53584
62.2364
68.16708
73.59837
77.0302
73.59467
66.77965
60.30383
54.7965
50.12572
47.73678
46.24455
52.06411
56.89064
58.42018
64.80949
61.81248
69.64404
70.07343
68.05316
71.36141
72.08293
73.3501
76.90925
80.02435
80.71029
78.14651
80.049
83.78531
81.15883
71.77251
63.21194
52.10331
45.4619
42.30407
39.00481
35.80059
33.41128
31.19134
30.73995
31.09766
32.39265
46.45223
68.18167
75.958
81.14045
81.33134
84.00876
85.88201
87.04144
88.36018
92.21648
94.24407
94.33549
93.97342
85.80805
74.61594
66.83881
59.38917
52.17359
49.23115
48.7326
45.91684
43.61786
47.67705
70.01104
76.74113
85.70775
88.50114
90.90689
95.22357
95.87256
93.89098
93.40816
94.53947
94.42928
94.42942
91.08721
87.11891
85.60069
77.81993
70.79078
69.97298
63.77402
61.69704
61.81455
59.9772
59.4041
59.8417
59.03332
60.26872
65.02689
66.58039
65.38759
64.81626
63.57413
63.73467
63.02562
61.38183
59.38572
61.95496
70.65685
59.28688
58.16839
55.82375
50.42897
44.76749
41.20223
37.8668
36.582
35.29292
34.57713
36.74939
37.91047
42.44257
44.47696
45.96436
48.19371
44.05798
46.25469
49.50961
42.57824
43.70316
46.66919
51.19337
51.23181
49.12822
47.15107
43.73267
38.73576
35.64223
34.10081
33.17316
32.51427
32.45852
32.81
33.10348
49.33598
44.61501
49.99683
51.34456
65.06276
65.43204
68.69442
73.06178
79.25646
84.49509
87.24082
89.33457
86.52931
76.73197
63.29078
54.23764
45.73347
42.96963
39.38257
37.22654
36.87371
37.21474
37.4968
37.8777
38.03056
38.39764
40.297
42.11176
37.82473
42.90619
45.95146
54.81915
62.99994
64.78461
72.94058
81.68163
77.95078
69.2671
55.88091
51.03968
40.06631
38.32074
29.77592
30.8279
30.70141
31.07134
27.98189
36.87963
39.37937
41.32709
36.80919
41.4985
47.30377
53.738
54.61214
56.83162
43.41556
34.19267
37.46492
42.07396
58.04535
58.1342
58.06557
52.96398
50.00647
51.13559
51.03835
46.77582
46.5461
43.74881
44.55776
44.63826
47.21919
49.02659
50.37781
53.92928
58.13231
59.2204
62.44065
67.94813
74.7157
76.55949
76.16552
74.81408
72.41876
