14.96191
16.51658
17.70795
18.59807
19.43211
20.29794
21.07226
21.63135
21.30828
21.98273
21.92074
21.51091
20.88101
20.10607
19.2736
19.20712
18.3813
17.71763
17.2366
16.87683
16.43534
16.21016
15.94628
15.94573
17.4009
18.59023
19.85167
20.89725
21.75202
22.66146
23.40578
24.08783
24.15597
24.07938
23.04156
23.10145
21.13868
19.61562
17.62557
17.61833
17.28458
17.10329
16.44334
16.12295
15.80638
15.39892
14.42666
14.69523
17.53163
20.22677
22.51681
23.90916
25.13057
26.13762
26.92668
27.496
27.85222
27.86246
26.71066
25.67152
24.50993
23.43178
21.92956
21.89256
21.36287
20.70606
20.77721
20.18871
20.38189
19.43872
19.07833
19.07219
23.02126
25.83794
26.62276
27.42013
28.25659
28.87364
29.39075
29.71626
29.92086
29.92061
29.57884
28.60664
25.47583
24.23023
21.65071
21.12679
20.3539
19.69004
18.88601
18.34468
18.021
17.63061
16.5347
16.83094
20.43289
23.05797
24.89227
26.33888
27.33947
28.05811
28.742
29.31291
29.57844
29.66214
29.50531
28.95456
26.08505
25.01006
23.22729
22.56935
22.12129
21.15913
19.65071
19.38326
18.82192
17.70922
18.22503
18.72895
21.85594
24.08875
26.2722
27.31909
28.24029
29.01468
29.7767
30.45389
30.29584
28.92812
28.25508
26.44399
23.78897
21.46351
21.04695
18.61266
19.204
19.43091
19.19547
19.13548
18.74963
18.32016
18.41383
18.91198
20.54626
22.6494
24.8021
26.40884
27.53034
28.48697
29.26944
30.01888
30.57329
30.81266
30.69571
30.08183
27.56521
26.21566
24.67699
23.36584
22.46848
21.85868
21.05822
20.69516
20.99018
20.58104
19.89612
20.27007
22.19518
24.32473
26.98819
28.79334
30.35398
31.31636
32.02161
32.42995
32.66602
32.58613
32.03373
30.75472
28.20065
26.522
25.10056
23.48365
22.71494
22.06501
21.53473
21.28007
20.77529
20.14169
19.61014
20.44961
23.9146
25.77703
27.96611
29.4714
30.64892
31.59843
32.1921
32.62279
32.83287
32.89404
32.59409
31.85368
29.03506
27.81631
26.62339
25.02952
24.04558
23.36968
23.11114
22.45445
22.10858
21.45724
20.64898
21.6071
24.69171
26.90266
28.61412
29.97343
31.05931
32.07297
33.01842
33.6456
34.13367
34.30983
34.05143
33.37049
31.32287
30.15449
29.21636
27.72583
27.33757
26.68369
25.62173
25.22453
24.03167
23.29017
22.67533
23.23156
24.8615
26.36073
27.5959
28.71977
29.64539
30.34789
29.61786
29.03377
28.74968
26.89206
27.63815
26.24953
25.47278
24.74969
24.29278
23.86612
22.82383
22.24241
21.73608
21.36208
21.0484
19.89684
19.44835
20.13788
22.0181
23.79244
25.96529
27.49546
28.65943
29.66901
30.69101
31.56534
32.30942
32.65414
32.53546
32.21139
29.34398
25.54144
24.50396
23.65779
23.64179
23.14082
22.75196
22.43641
22.11088
21.70201
21.60449
21.59021
21.61406
23.10179
25.05923
26.64879
28.09965
29.50609
30.58103
30.9674
31.68582
32.15255
31.41359
27.37227
26.25793
24.77442
24.07595
23.6056
22.77031
22.68473
22.7689
22.73036
22.43716
22.23155
21.90035
21.3998
21.58216
21.81305
22.6156
23.53325
23.68816
25.25134
26.01829
25.89557
26.20869
26.06989
25.33578
24.34927
23.61517
23.15542
23.02362
22.86122
22.73481
22.39573
22.2316
21.785
21.45807
21.37782
20.96432
20.73493
22.0246
23.07181
24.36642
25.36914
26.09294
27.11264
28.07078
28.71084
29.09015
29.35907
28.24443
27.7609
26.60921
25.96257
25.04934
24.42115
24.49784
23.9741
23.56284
23.23696
22.46471
21.76912
20.75847
20.87152
20.86581
21.1078
21.27194
22.24739
23.30923
24.23809
25.04241
25.68191
26.0556
26.3967
26.43966
23.5658
23.57194
23.41562
22.61294
19.6378
19.20387
18.83364
18.148
17.30263
16.64572
16.15344
15.80343
16.60437
18.43894
20.71968
22.55894
24.03988
24.99618
25.97223
26.77155
27.38791
27.84853
28.07676
27.92749
27.90616
27.33676
26.84131
26.09232
25.40738
24.31276
23.99676
22.32392
20.95647
20.4879
19.73821
18.75329
19.1357
20.02323
21.25604
21.96095
23.03223
23.32281
24.16672
25.04478
25.69872
26.36328
26.82549
25.84534
24.19185
23.13804
23.35302
22.67828
21.4632
19.8825
19.14328
18.449
20.03011
20.207
18.44747
19.12064
18.89833
20.03552
20.78528
22.40028
23.42591
23.6234
23.47385
24.02307
23.39288
23.38955
23.28426
23.28979
22.77707
22.25156
21.60003
21.25191
20.70084
20.05609
19.70016
19.06608
18.32683
18.33974
18.52451
18.71479
18.92306
